Text
1,306,925
718,084
43,869
9,287
130,415
93,007
14,593
4,445
3,156
972
1,017,166
933,655
79,874
25,195
677,904
378,729
29,518
13,069
9,837
4,676
4,567
3,384
5,589,936
3,021,095
288,310
155,706
38,880
1,208,095
1,136,354
129,128
33,009
26,715
10,883
4,732
1,661
1,061
1,001
780
752
687
652
639
445
409
359
336
309
235
163
823,360
637,919
45,999
21,539
235,581
185,103
14,751
6,100
260,223
11,553
4,501
3,995
4,605,515
4,485,745
206,007
64,019
16,393
9,071
2,068,623
1,837,300
123,641
251,853
121,648
14,854
11,608
4,191
407,199
189,677
46,538
28,256
8,464
4,378
2,347
1,376
2,977,498
2,118,179
204,491
74,112
1,556,220
1,031,953
133,856
798,923
650,790
57,322
12,267
11,119
7,252
2,256
2,181
450
320
656,009
414,788
53,648
22,698
1,202,942
628,834
53,749
22,780
13,913
1,128
1,178,004
779,535
37,950
14,018
8,546
3,128
1,880
1,581
1,046
748
480
446
369
354,873
334,838
37,764
14,075
1,497,951
873,646
71,107
31,839
1,964,768
1,083,069
136,784
46,910
2,279,221
2,267,798
173,023
50,690
16,925
2,236
1,366,676
1,322,891
112,944
53,080
36,957
11,290
9,466
1,670
1,430
678,457
462,001
13,789
3,878
3,580
686
596
1,585,753
1,054,889
96,404
25,086
12,966
274,120
174,521
27,264
7,669
1,535
485,819
273,858
37,615
8,346
537,753
511,319
37,299
28,824
5,254
2,541
348,126
345,598
30,530
6,374
674
2,021,756
1,535,513
68,695
35,949
5,830
2,090
1,765
1,682
1,613
380,724
315,875
73,669
9,729
5,714
1,490
1,174
466
4,143,874
2,640,570
161,836
99,895
2,339,603
2,162,074
127,794
216,133
93,526
21,351
3,769
1,825
364
2,771,984
2,317,001
168,599
44,310
23,501
947,934
419,788
83,334
934,631
742,506
86,306
45,132
2,912,941
2,844,705
142,653
48,912
20,896
249,902
179,421
14,643
6,155
666
1,143,611
849,469
48,715
20,795
12,917
5,716
3,221
227,701
117,442
20,845
4,059
1,517,402
867,110
70,084
15,919
7,244
4,064
2,868
4,681,590
3,867,816
282,524
71,307
397,004
237,241
175,301
27,735
6,072
5,636
2,093
585
397
397
178,117
95,050
10,043
6,745
1,063
323
1,916,845
1,731,156
116,600
52,914
27,272
1,364,934
950,710
112,520
38,377
12,342
3,095
2,313
486,198
187,457
22,798
8,000
3,773
1,409,467
1,382,210
106,442
30,980
12,179
1,781
1,561
174,248
55,949
13,285
2,512
2,038
710
